{
 "cells": [
  {
   "cell_type": "markdown",
   "metadata": {},
   "source": [
    "# Assignment 1: Numpy"
   ]
  },
  {
   "cell_type": "markdown",
   "metadata": {},
   "source": [
    "Perform the follwing tasks:\n"
   ]
  },
  {
   "cell_type": "code",
   "execution_count": 3,
   "metadata": {},
   "outputs": [],
   "source": [
    "#3.1: import the numpy library\n",
    "import numpy as np"
   ]
  },
  {
   "cell_type": "code",
   "execution_count": 13,
   "metadata": {},
   "outputs": [
    {
     "data": {
      "text/plain": [
       "array([[0.30281316, 0.22569912, 0.26180465, 0.20820493, 0.69326852,\n",
       "        0.68216565, 0.46217977, 0.88228934, 0.34471998, 0.72044778],\n",
       "       [0.85227274, 0.17003341, 0.03238353, 0.52022426, 0.64339588,\n",
       "        0.3881954 , 0.21475435, 0.71966323, 0.65856851, 0.75825542],\n",
       "       [0.13543033, 0.90538161, 0.22325404, 0.50349038, 0.81176198,\n",
       "        0.97691766, 0.35072383, 0.29607283, 0.00579543, 0.736864  ],\n",
       "       [0.39550451, 0.46612967, 0.55322736, 0.49043633, 0.95110339,\n",
       "        0.82241694, 0.44717653, 0.24282562, 0.94044978, 0.99525639],\n",
       "       [0.63043856, 0.42524847, 0.58422713, 0.70074235, 0.16327107,\n",
       "        0.19218286, 0.27339754, 0.00926851, 0.43442191, 0.76997686],\n",
       "       [0.0406735 , 0.94973146, 0.47960472, 0.52561935, 0.93616283,\n",
       "        0.76567845, 0.26461627, 0.11587953, 0.09871763, 0.6549111 ],\n",
       "       [0.33281335, 0.63560657, 0.71712624, 0.26320032, 0.70910526,\n",
       "        0.23670225, 0.53990235, 0.24785685, 0.20058771, 0.80888479],\n",
       "       [0.23331672, 0.55117572, 0.10678689, 0.68158889, 0.37803006,\n",
       "        0.88631544, 0.79875248, 0.52952326, 0.66943956, 0.59714991],\n",
       "       [0.61864995, 0.3223942 , 0.06905445, 0.90765826, 0.29356601,\n",
       "        0.57844117, 0.44832976, 0.76187776, 0.87889187, 0.98747113],\n",
       "       [0.24503697, 0.63770245, 0.38278206, 0.0594007 , 0.44972835,\n",
       "        0.12322118, 0.33282161, 0.65730558, 0.63244015, 0.27779231]])"
      ]
     },
     "execution_count": 13,
     "metadata": {},
     "output_type": "execute_result"
    }
   ],
   "source": [
    "#3.2: create a random 10x10 array named A\n",
    "A = np.random.rand(10,10)\n",
    "\n",
    "#Mit nefativen Werten\n",
    "#np.random.randn(10,10)\n",
    "A"
   ]
  },
  {
   "cell_type": "code",
   "execution_count": 14,
   "metadata": {},
   "outputs": [
    {
     "data": {
      "text/plain": [
       "array([[0.30281316, 0.22569912, 0.26180465, 0.20820493, 0.69326852,\n",
       "        0.68216565, 0.46217977, 0.88228934, 0.34471998, 0.72044778],\n",
       "       [0.13543033, 0.90538161, 0.22325404, 0.50349038, 0.81176198,\n",
       "        0.97691766, 0.35072383, 0.29607283, 0.00579543, 0.736864  ],\n",
       "       [0.63043856, 0.42524847, 0.58422713, 0.70074235, 0.16327107,\n",
       "        0.19218286, 0.27339754, 0.00926851, 0.43442191, 0.76997686],\n",
       "       [0.33281335, 0.63560657, 0.71712624, 0.26320032, 0.70910526,\n",
       "        0.23670225, 0.53990235, 0.24785685, 0.20058771, 0.80888479],\n",
       "       [0.61864995, 0.3223942 , 0.06905445, 0.90765826, 0.29356601,\n",
       "        0.57844117, 0.44832976, 0.76187776, 0.87889187, 0.98747113]])"
      ]
     },
     "execution_count": 14,
     "metadata": {},
     "output_type": "execute_result"
    }
   ],
   "source": [
    "#3.3: return only the odd rows of A\n",
    "A[::2]"
   ]
  },
  {
   "cell_type": "code",
   "execution_count": 20,
   "metadata": {},
   "outputs": [
    {
     "data": {
      "text/plain": [
       "matrix([[1.99990924, 1.52280065, 1.14384394, 2.05443235, 2.00140698,\n",
       "         1.82090952, 1.4554274 , 1.865647  , 2.23794159, 2.95738532],\n",
       "        [1.52280065, 3.41806311, 2.00957084, 2.4905627 , 3.44320464,\n",
       "         3.20075056, 2.17458493, 1.93093184, 2.09502471, 3.7107868 ],\n",
       "        [1.14384394, 2.00957084, 1.67379939, 1.46351497, 2.19542405,\n",
       "         1.69525415, 1.37111534, 1.05422783, 1.45241119, 2.5105858 ],\n",
       "        [2.05443235, 2.4905627 , 1.46351497, 2.93653826, 2.69816794,\n",
       "         2.97506598, 2.04773821, 2.05036917, 2.57920829, 3.82006368],\n",
       "        [2.00140698, 3.44320464, 2.19542405, 2.69816794, 4.29536657,\n",
       "         3.77422047, 2.42705769, 2.55118278, 2.66296267, 4.48503457],\n",
       "        [1.82090952, 3.20075056, 1.69525415, 2.97506598, 3.77422047,\n",
       "         4.06134178, 2.50028277, 2.51037616, 2.65611872, 4.29976671],\n",
       "        [1.4554274 , 2.17458493, 1.37111534, 2.04773821, 2.42705769,\n",
       "         2.50028277, 1.96874147, 1.92506488, 2.1157623 , 3.03197775],\n",
       "        [1.865647  , 1.93093184, 1.05422783, 2.05036917, 2.55118278,\n",
       "         2.51037616, 1.92506488, 2.81082324, 2.51315272, 3.17581754],\n",
       "        [2.23794159, 2.09502471, 1.45241119, 2.57920829, 2.66296267,\n",
       "         2.65611872, 2.1157623 , 2.51315272, 3.2963075 , 3.69269653],\n",
       "        [2.95738532, 3.7107868 , 2.5105858 , 3.82006368, 4.48503457,\n",
       "         4.29976671, 3.03197775, 3.17581754, 3.69269653, 5.71242344]])"
      ]
     },
     "execution_count": 20,
     "metadata": {},
     "output_type": "execute_result"
    }
   ],
   "source": [
    "#3.4: perform a matrix multiplication of A with it's transposed\n",
    "MA = np.matrix(A)\n",
    "\n",
    "MA.T * MA"
   ]
  },
  {
   "cell_type": "code",
   "execution_count": 21,
   "metadata": {},
   "outputs": [
    {
     "data": {
      "text/plain": [
       "matrix([[-0.09941564,  1.50355874,  1.22463406, -0.14473875,  1.42743722,\n",
       "         -1.45520319, -0.52673745,  0.53720219, -1.96788621,  0.27233   ],\n",
       "        [-1.27582199, -0.22625884,  1.96709309, -0.04506996, -0.13828233,\n",
       "         -1.19914368,  0.21538297, -0.41513728,  0.32900942,  1.17605766],\n",
       "        [ 2.10229648, -0.75111308, -1.55302136, -0.20560674,  2.04629086,\n",
       "          1.36102669, -1.3110117 ,  0.03024231, -1.10668513,  0.25993315],\n",
       "        [ 0.38298573,  0.47174393, -3.02345092, -1.22863583,  0.13291779,\n",
       "          3.48517366, -0.37647866,  0.83058659,  0.51135697, -0.95097459],\n",
       "        [-0.3803698 ,  1.35345483, -1.85443089, -0.1303992 , -1.27661285,\n",
       "          2.06764185,  0.75959228,  0.46293463, -0.32184979, -0.72064545],\n",
       "        [ 1.2576357 , -0.39037453,  1.26733986,  0.57079681,  1.51540825,\n",
       "         -0.94348984, -1.88332719,  0.25446751, -1.35649522,  0.18002105],\n",
       "        [-0.65440783,  0.51914842, -0.51792123, -0.35752614, -0.80168835,\n",
       "         -0.47091781,  1.76675431,  1.73822086, -0.54975715, -0.65959986],\n",
       "        [ 1.36079491, -0.30785217, -0.72939656, -0.84476509,  0.18947691,\n",
       "          0.86419715, -0.58078562, -0.32009964,  0.45700394,  0.4646119 ],\n",
       "        [-0.68043823, -0.26195392, -0.07790909,  1.00582377, -0.3449079 ,\n",
       "         -0.34857558, -0.36088577, -0.09529071,  0.40633729,  0.67184256],\n",
       "        [-0.79102451, -1.18792434,  2.15439669,  0.87237774, -1.09781144,\n",
       "         -2.20020116,  1.54197443, -1.71067774,  2.17114986, -0.2468239 ]])"
      ]
     },
     "execution_count": 21,
     "metadata": {},
     "output_type": "execute_result"
    }
   ],
   "source": [
    "#3.5: compute the matrix inverse of A\n",
    "M.I"
   ]
  },
  {
   "cell_type": "code",
   "execution_count": 24,
   "metadata": {},
   "outputs": [
    {
     "data": {
      "text/plain": [
       "array([0.34663426, 0.34108282, 0.44114467, 0.36022389, 0.42613637,\n",
       "       0.26011213, 0.32169794, 0.35983161, 0.32928425, 0.37912771,\n",
       "       0.45269081, 0.25174519, 0.40588099, 0.48845883, 0.368432  ,\n",
       "       0.27661368, 0.4755517 , 0.41120847, 0.47022489, 0.49762819,\n",
       "       0.31521928, 0.29211356, 0.35037118, 0.38498843, 0.47486573,\n",
       "       0.26280968, 0.46808142, 0.38283923, 0.32745555, 0.31780328,\n",
       "       0.35856312, 0.35455263, 0.26995117, 0.40444239, 0.27558786,\n",
       "       0.34079444, 0.44315772, 0.39937624, 0.26476163, 0.33471978,\n",
       "       0.29857496, 0.30932497, 0.45382913, 0.28922059, 0.38093888,\n",
       "       0.43944594, 0.49373556, 0.31885122, 0.32865279, 0.31622008])"
      ]
     },
     "execution_count": 24,
     "metadata": {},
     "output_type": "execute_result"
    }
   ],
   "source": [
    "#3.6: divide all entries of A which are lager than 0.5 by 2 (hint: use where() )\n",
    "mask = (0.5 < A)\n",
    "#mask\n",
    "A[mask] /2"
   ]
  },
  {
   "cell_type": "code",
   "execution_count": 25,
   "metadata": {},
   "outputs": [
    {
     "data": {
      "text/plain": [
       "array([[0.30281316, 0.22569912, 0.26180465, 0.20820493, 0.69326852,\n",
       "        0.68216565, 0.46217977, 0.88228934, 0.34471998, 0.72044778],\n",
       "       [0.85227274, 0.17003341, 0.03238353, 0.52022426, 0.64339588,\n",
       "        0.3881954 , 0.21475435, 0.71966323, 0.65856851, 0.75825542],\n",
       "       [0.13543033, 0.90538161, 0.22325404, 0.50349038, 0.81176198,\n",
       "        0.97691766, 0.35072383, 0.29607283, 0.00579543, 0.736864  ],\n",
       "       [0.39550451, 0.46612967, 0.55322736, 0.49043633, 0.95110339,\n",
       "        0.82241694, 0.44717653, 0.24282562, 0.94044978, 0.99525639],\n",
       "       [0.63043856, 0.42524847, 0.58422713, 0.70074235, 0.16327107,\n",
       "        0.19218286, 0.27339754, 0.00926851, 0.43442191, 0.76997686],\n",
       "       [0.0406735 , 0.94973146, 0.47960472, 0.52561935, 0.93616283,\n",
       "        0.76567845, 0.26461627, 0.11587953, 0.09871763, 0.6549111 ],\n",
       "       [0.33281335, 0.63560657, 0.71712624, 0.26320032, 0.70910526,\n",
       "        0.23670225, 0.53990235, 0.24785685, 0.20058771, 0.80888479],\n",
       "       [0.23331672, 0.55117572, 0.10678689, 0.68158889, 0.37803006,\n",
       "        0.88631544, 0.79875248, 0.52952326, 0.66943956, 0.59714991],\n",
       "       [0.61864995, 0.3223942 , 0.06905445, 0.90765826, 0.29356601,\n",
       "        0.57844117, 0.44832976, 0.76187776, 0.87889187, 0.98747113],\n",
       "       [0.24503697, 0.63770245, 0.38278206, 0.0594007 , 0.44972835,\n",
       "        0.12322118, 0.33282161, 0.65730558, 0.63244015, 0.27779231]])"
      ]
     },
     "execution_count": 25,
     "metadata": {},
     "output_type": "execute_result"
    }
   ],
   "source": [
    "A #Änderungen nicht übernommen!?"
   ]
  },
  {
   "cell_type": "code",
   "execution_count": null,
   "metadata": {},
   "outputs": [],
   "source": []
  }
 ],
 "metadata": {
  "kernelspec": {
   "display_name": "Python 3",
   "language": "python",
   "name": "python3"
  },
  "language_info": {
   "codemirror_mode": {
    "name": "ipython",
    "version": 3
   },
   "file_extension": ".py",
   "mimetype": "text/x-python",
   "name": "python",
   "nbconvert_exporter": "python",
   "pygments_lexer": "ipython3",
   "version": "3.8.5"
  }
 },
 "nbformat": 4,
 "nbformat_minor": 4
}
